.Random.seed <-
c(403L, 76L, 1948551825L, 2080200899L, -986683714L, 1502744437L, 
80729406L, 511957518L, -2064629632L, -1305239815L, 83049700L, 
-762350727L, -1513681183L, 2050612884L, -1794840391L, 334086853L, 
-842014947L, 402314349L, 1405921921L, -1000152023L, -999573294L, 
1428904518L, -1065945839L, 2059548890L, 1685204165L, -984625724L, 
1878838123L, 986293649L, 2113567978L, -648336582L, -575990075L, 
-1225068031L, -1465384871L, -1474699107L, -247457382L, -1886765520L, 
-2001433739L, 137117334L, 1785899937L, 1523694653L, -1344334595L, 
-293881084L, 1922234745L, -2082234630L, 556706688L, -1911393719L, 
-1092656010L, 1979670302L, -904434812L, 1503162434L, 1956615582L, 
1998877666L, -376328447L, -163579413L, 712158200L, 1327265341L, 
-297016282L, 961814259L, -525799568L, 942048006L, 599529805L, 
-1912403713L, -463984246L, 1632014582L, 1485915652L, -135100042L, 
892437491L, -314183643L, 1357586972L, 310120855L, -2022080772L, 
677812236L, 1214267486L, -634353513L, 290068270L, 2000142195L, 
348405515L, -642023850L, 333058275L, -1260043525L, -657126265L, 
391653215L, -1357765429L, 1848423471L, 1042586924L, -992089036L, 
-552539553L, 1928962016L, -112767981L, 1171153406L, -1152360695L, 
-2063363965L, -859600768L, 2014230424L, 1789945419L, -837373873L, 
-1656001721L, -834637993L, 1652968508L, 1004074454L, 1534951879L, 
-840020540L, -1269087125L, -559752161L, 1303336895L, 955146518L, 
-680046993L, 2088836432L, -1894249426L, -2102524921L, -1919028572L, 
-1366183760L, -1518434974L, -1082460728L, -1663748324L, 260092724L, 
1303473303L, 689152885L, -85286462L, -1581980641L, -576386744L, 
-2102954079L, 1992081042L, -188546548L, 1947818703L, 675947409L, 
2142020084L, 1630661776L, 1587716902L, -406048100L, -799089087L, 
2107640391L, -528570366L, -1448613103L, -711787726L, -618474638L, 
2074090492L, 1091180693L, 1451028040L, 1543588213L, 1133932381L, 
-849793296L, 861620621L, 1778034257L, 228947049L, -228711527L, 
965271933L, -312391499L, 163807846L, -1299592334L, -1363537251L, 
1602865374L, -987332799L, -1350964504L, -1276284521L, 358057797L, 
347082270L, 1926264558L, -2040119951L, -697878947L, -291221515L, 
-641673767L, -947910666L, 1575493476L, -1499357823L, -348570254L, 
502954469L, 2100443457L, -949481687L, -316194280L, 1176273573L, 
-1569788906L, 93651692L, 1744854869L, 267418890L, 1089431450L, 
663525200L, -360887002L, 1642971322L, 1699219966L, -1246276931L, 
-1981955481L, -286724324L, 903253577L, -1651949862L, -1410201041L, 
1031336244L, 1629443122L, -1908144191L, 1260828739L, -1715741002L, 
1407859674L, 165148416L, -1934836142L, -1629405017L, -2139541151L, 
1882812360L, 122857131L, 1475828312L, -581195256L, 757783682L, 
-1485748053L, 708804714L, 242560615L, 1200584319L, 979013434L, 
-1754072225L, 573133311L, 1421342571L, 1094634339L, 1429734527L, 
1226703155L, -516695832L, 955432264L, -2051090381L, -121481652L, 
665808695L, 987864330L, 799727581L, 844312687L, -1914306580L, 
1426879860L, -759132209L, -1835099421L, -1093617237L, -436323160L, 
1300366783L, 696366579L, 1793435337L, -1031981926L, 1451239352L, 
-809723145L, -1232362497L, -524383760L, -1501936639L, 266594974L, 
-734795845L, -27835025L, -1990776807L, 696539984L, -916350883L, 
1491419009L, 1577819235L, 902619238L, -560407272L, 1030289106L, 
146545840L, 1052012284L, 151689372L, -1097936859L, 1690419297L, 
1985747440L, 1072133706L, 847131979L, -1667941132L, 1512491656L, 
-1937786214L, -974682490L, 1865530485L, -980268090L, -674853974L, 
948827090L, -582837716L, -777546857L, -1321697167L, -431935466L, 
-1084521025L, 304932416L, -1352023141L, -655215917L, -500573923L, 
-496614562L, 208785517L, 889900973L, 159197815L, 1587374752L, 
-577251604L, 4726916L, -832929546L, 32852876L, -85927582L, 1615260367L, 
1331163689L, -1457446935L, 895579388L, 900490388L, -1727850972L, 
517939731L, 1912616039L, 1488065884L, -46642151L, -862478206L, 
-1225100048L, -995526028L, 2018582083L, -656654352L, -1563411663L, 
163552582L, 1953761021L, -484301300L, 855109442L, 332143125L, 
1479316402L, -1502981902L, -748327023L, 1646283854L, -2025893602L, 
-542482111L, -1654862467L, -552781517L, 455378404L, 311920092L, 
-1440196581L, -1090263040L, -169040336L, -1093214701L, 760257602L, 
219556272L, 705561210L, -1618454075L, -1136213291L, -1766997106L, 
1104776789L, 559539960L, -240494744L, -6982030L, -1629674427L, 
-460116462L, 676076149L, 1629278870L, -633982675L, -477495968L, 
-787900196L, -28849173L, 1815206752L, 237990558L, -674180649L, 
-1159636156L, -655380320L, -43577503L, 178314823L, -2134888433L, 
1728750208L, 822775058L, 1151324807L, -1642228048L, 599688898L, 
-1528734075L, -426356284L, -1879353188L, 123736640L, 343166327L, 
-699755993L, -1326559904L, -486074295L, -439146370L, -1247136000L, 
1283653468L, -2145953597L, 1305883588L, 1515385213L, 2004504978L, 
-1138463003L, -405078124L, -1998508498L, 135394653L, 1035473142L, 
-1120190246L, -1910298391L, 1921158810L, 2111149470L, 1659610985L, 
1110639757L, 1549338771L, -1310342732L, 1871085332L, -1327080789L, 
-336176360L, -876864892L, -351580629L, -830935874L, 1691932040L, 
-405303430L, 104102957L, -1148128463L, 448881750L, 44899949L, 
192894312L, -1596489824L, 1280313814L, -1607095999L, 814775410L, 
1009832657L, -450816566L, 2065486941L, 752290184L, 1439523436L, 
937705735L, -391681088L, -59341835L, -700622115L, -336415674L, 
573527051L, 1795643525L, -2000111210L, -1893065178L, 655319408L, 
-17036713L, 385220047L, 1033787416L, -916942841L, -1148377709L, 
113244083L, 1408951283L, -1025986134L, -1789159836L, 1318576877L, 
-1318399454L, -1054357462L, -384043878L, 244338321L, -1002786679L, 
809713815L, -124903707L, 768019165L, 557715514L, -1491576012L, 
-902783486L, -1456842367L, -1850492010L, 612104624L, -165486543L, 
-795244617L, 1982022084L, 1299448089L, 157239045L, 961402128L, 
-1906765686L, 508803676L, -2096302507L, -1655568269L, 660690768L, 
1919443293L, 705234457L, -1390566267L, 1247335319L, -1999733380L, 
-1398586966L, 290281839L, -584953312L, 2095926694L, 67056448L, 
1423198602L, 1949429560L, -687498392L, -1147244563L, -335373829L, 
519742325L, -1943601048L, 1750255218L, -1235129803L, 1511978762L, 
119265984L, 787418292L, 842702805L, 760670639L, 1120013819L, 
-576948994L, 534541983L, -125188299L, 1488899174L, -1163931024L, 
-975876300L, -1717893346L, -1608722760L, 1918427023L, 2122611947L, 
276058916L, -300291098L, 1684009625L, 1284663707L, -524810294L, 
-1452733842L, 1590638078L, 1774843623L, 1603858409L, 563495466L, 
82623445L, 1595207046L, -140128756L, -417032531L, 859386691L, 
-893437918L, 630231757L, 393626445L, 1702938155L, 1533933696L, 
1356610564L, -357805718L, 133745749L, 839231080L, -1799935292L, 
1308258541L, -414926373L, -264242903L, 5054871L, -1575046241L, 
-107673378L, -1309670142L, 988267765L, 1415169925L, -1874008926L, 
-312653448L, -358079163L, -12582257L, 255401563L, 1178923862L, 
-1966061410L, -15938809L, 1953356982L, -1987647535L, -1880453117L, 
737465750L, 694697684L, 637454443L, 1770732392L, -198235798L, 
2127376550L, 1068778495L, -1484079191L, -446688263L, 1740892640L, 
-1981675915L, 1103999527L, 1748592776L, -1845388646L, 406830370L, 
326497708L, 1338155562L, -111710963L, 1557049049L, 224802282L, 
1934839840L, -98003925L, -1337284035L, 1856755416L, 210344472L, 
-249952780L, -446730235L, 751390211L, 770921616L, 1127453431L, 
-442623040L, 1255737538L, 262711579L, -749636979L, 844674912L, 
-2007985781L, -227755545L, -1712726043L, -380816758L, -1133771802L, 
1377707368L, 21975583L, 725588838L, 1629730214L, 80598551L, 627210765L, 
-1261829195L, 1160664926L, 1783075004L, -32600420L, 1652105854L, 
1846805470L, -2059183820L, 1880318120L, -253817571L, 501661963L, 
-215856627L, 1333902808L, -36652995L, 1046265364L, 605814561L, 
65562063L, -865107297L, 715436708L, -341641089L, 1252856528L, 
1554361437L, 707854305L, 951308541L, -2103836406L, -186947816L, 
-1422994127L, -713816891L, -1407127291L, -1643773444L, 697905503L, 
1461329896L, 397694065L, 858909622L, -2126440099L, 782299421L, 
1708487255L, 808782821L, -1801311783L, -2119906779L, 1438057357L, 
